# oST version 5.0 parameters


[image]

width
320

height
240

[narrow_stereo]

camera matrix
172.828904 0.000000 172.005939
0.000000 162.992904 53.329647
0.000000 0.000000 1.000000

distortion
-0.229992 0.029194 0.020918 -0.001355 0.000000

rectification
1.000000 0.000000 0.000000
0.000000 1.000000 0.000000
0.000000 0.000000 1.000000

projection
118.725601 0.000000 184.233450 0.000000
0.000000 125.265717 43.131588 0.000000
0.000000 0.000000 1.000000 0.000000

