image_width: 320
image_height: 240
camera_name: narrow_stereo
camera_matrix:
  rows: 3
  cols: 3
  data: [172.828904, 0.000000, 172.005939, 0.000000, 162.992904, 53.329647, 0.000000, 0.000000, 1.000000]
distortion_model: plumb_bob
distortion_coefficients:
  rows: 1
  cols: 5
  data: [-0.229992, 0.029194, 0.020918, -0.001355, 0.000000]
rectification_matrix:
  rows: 3
  cols: 3
  data: [1.000000, 0.000000, 0.000000, 0.000000, 1.000000, 0.000000, 0.000000, 0.000000, 1.000000]
projection_matrix:
  rows: 3
  cols: 4
  data: [118.725601, 0.000000, 184.233450, 0.000000, 0.000000, 125.265717, 43.131588, 0.000000, 0.000000, 0.000000, 1.000000, 0.000000]
