# oST version 5.0 parameters


[image]

width
320

height
240

[narrow_stereo]

camera matrix
262.579118 0.000000 153.985626
0.000000 261.152516 130.413826
0.000000 0.000000 1.000000

distortion
0.342154 -0.462664 0.011943 -0.006528 0.000000

rectification
1.000000 0.000000 0.000000
0.000000 1.000000 0.000000
0.000000 0.000000 1.000000

projection
280.471680 0.000000 151.948696 0.000000
0.000000 278.546417 132.849224 0.000000
0.000000 0.000000 1.000000 0.000000

