image_width: 320
image_height: 240
camera_name: camera
camera_matrix:
  rows: 3
  cols: 3
  data: [142.7045513962163, 0, 154.1884178831788, 0, 144.0733051118382, 113.552025909971, 0, 0, 1]
distortion_model: plumb_bob
distortion_coefficients:
  rows: 1
  cols: 5
  data: [-0.1547161886335839, 0.01777956367289336, -0.003137739056639445, -0.01103568963942929, 0]
rectification_matrix:
  rows: 3
  cols: 3
  data: [1, 0, 0, 0, 1, 0, 0, 0, 1]
projection_matrix:
  rows: 3
  cols: 4
  data: [100.9509811401367, 0, 131.0658650549249, 0, 0, 124.9492111206055, 109.654431482792, 0, 0, 0, 1, 0]
