# oST version 5.0 parameters


[image]

width
320

height
240

[narrow_stereo]

camera matrix
147.686425 0.000000 160.297829
0.000000 147.488824 100.932680
0.000000 0.000000 1.000000

distortion
-0.165207 0.019820 -0.013909 -0.005387 0.000000

rectification
1.000000 0.000000 0.000000
0.000000 1.000000 0.000000
0.000000 0.000000 1.000000

projection
108.830894 0.000000 151.696689 0.000000
0.000000 119.262466 85.947167 0.000000
0.000000 0.000000 1.000000 0.000000

