image_width: 320
image_height: 240
camera_name: narrow_stereo
camera_matrix:
  rows: 3
  cols: 3
  data: [147.686425, 0.000000, 160.297829, 0.000000, 147.488824, 100.932680, 0.000000, 0.000000, 1.000000]
distortion_model: plumb_bob
distortion_coefficients:
  rows: 1
  cols: 5
  data: [-0.165207, 0.019820, -0.013909, -0.005387, 0.000000]
rectification_matrix:
  rows: 3
  cols: 3
  data: [1.000000, 0.000000, 0.000000, 0.000000, 1.000000, 0.000000, 0.000000, 0.000000, 1.000000]
projection_matrix:
  rows: 3
  cols: 4
  data: [108.830894, 0.000000, 151.696689, 0.000000, 0.000000, 119.262466, 85.947167, 0.000000, 0.000000, 0.000000, 1.000000, 0.000000]
